-1599.4700406189836
-1733.9122182648953
-623.0158418119731
-2354.3729895987653
-2371.0606289381917
140.22481592240183
805.8910712208046
767.1955022360148
125.91963348811426
3583.4944047957842
3612.543883957332
3597.5915634147073
3590.948665512012
-846.9232978364703
-869.8591215401347
-725.7063964116917
454.8226531270903
257.88835257074334
187.73618465256163
231.52587329000363
533.2144069245134
709.5615643118697
562.8935744216261
600.0713955165661
760.7868576047618
799.108317111865
849.9119757952008
839.0327963366378
763.6561821853655
831.3668125195785
738.3181896022577
584.7963442257516
-0.43975238517702664
108.79265429386577
62.35606360072235
666.652809324012
-37.77314138569473
556.0203635868747
617.3998245375249
598.4202194592862
55.673121148397556
195.31628226781177
741.3932622084507
79.99553177026995
49.58244923032368
282.70763569392767
667.4562375287541
57.98829512411008
88.13610054417626
109.61218841539178
376.05174215787207
0.39235447334889006
170.9493238395541
3.501417892168557
357.2930669822739
541.4910561630838
184.0743964544297
452.9128518948696
150.9668216741684
513.4973687452176
133.46945029567718
182.441125460178
337.9091036094126
136.95445429202445
31.396979266316038
500.2966156028801
469.17850558961334
19.44459178257494
72.04275210124847
81.12755969818717
521.2018989291964
491.576255662512
260.3135170505541
170.31904836402362
127.86330867279234
89.0627922447129
128.16035270751112
211.7963489984264
77.77911157834527
110.36017604044002
76.2916972410895
17.986036640319572
275.6808284585285
242.03711054193013
229.27227104133146
615.5773090103633
140.87319656207777
520.2034356483863
92.91503438669804
256.3974653710183
635.944629220542
572.5719559634883
-22.916443941617448
494.24697303623
509.755683427478
479.73133311001095
5.428422586566958
491.9931487102515
-6.286471839060805
232.39647427615412
467.9010800227229
26.98579491087478
592.7999346550655
461.73399392835586
528.1845058626957
-22.34351423782316
623.5409012675075
508.32052311681196
443.33555286740534
-4.695879987161279
-47.15673198763376
245.4202618245947
212.24947902521535
263.8867083080121
83.40845134569382
239.60426076128223
289.1426510350621
430.9000986643306
239.89993694992378
157.84048115478973
237.6573370591489
59.58065134645519
235.61200782443026
116.20137281797287
112.6779557237121
119.67165536810006
212.1232916510402
486.71461305730406
430.58472309749294
458.2496764810209
524.9926214645778
400.75564544679094
513.1858200360272
446.6914657602473
316.65471038817117
331.108430245167
447.6952979938269
335.43374180530304
286.2087677713325
343.2441225756138
277.5397098968069
320.10351514004947
528.5561155746535
689.6898619596353
568.4941337992651
617.8277088938528
613.6352942101676
570.2814736640819
611.9832783967972
622.1845220755355
145.07752951423433
155.58246545598996
138.59684308448914
245.22922192441408
236.85178600874485
154.67383282848218
252.1696533701375
210.08528962109196
16.73818528923687
-43.38853402998593
13.198214734239196
32.0472798342899
83.78877984669559
-43.861532482973956
-12.878943859582742
63.302973963715445
1004.0856042127771
1082.7289970269073
1132.3681693957362
1018.4464621730298
1063.425575800862
1042.2139359989146
1131.6786925778208
1028.7709404935033
854.5229968011985
859.3605836510116
824.3019687257281
918.8430184247685
907.9726339014321
986.4348275198172
901.7092972123863
915.9841319982751
68.22884302789117
9.384137952552473
43.938527930466414
78.74135060227368
2.745951904336973
21.30241589083568
-37.239110946017654
69.78085246225862
33.611340556491875
20.07704095622864
561.7814951451898
180.57837121487708
34.561659985906005
649.5450616994964
622.0517066707689
696.9512896776107
659.8994441568136
655.6050488818139
660.921480019102
672.4249878413467
269.7465683300357
189.6120260203523
290.7870108982474
357.0534246492928
339.1029226822875
335.4580147067785
190.07882045240513
207.47469298780996
37.17362647360192
-223.25084974482235
-113.07396820770569
-44.60341261340446
-131.74215950940172
-240.91618848802995
-162.19340589677884
-157.87858817893684
-108.44228748873562
321.72620950441257
251.66766639859293
290.9228167469063
257.1211386161899
243.64650061360584
232.6736750631088
184.21466239950195
449.90625212405905
141.39364777055624
228.51676544387666
201.2822025568473
233.69650359911856
549.9896276763819
652.5011543951074
682.0804077446119
727.0512692877312
628.490360547125
787.2811530140652
742.9866268830636
791.3767286586134
450.4178111871754
534.1993081601245
535.065459667887
517.5295321377831
467.0082349953821
467.54915102629246
499.1616166666788
432.8891662465007
469.3625420499821
435.63470012871323
542.686884498874
383.44590857407655
526.2057299815347
438.06688795771504
443.52144143189355
483.9601723818984
535.5039521795085
505.28141201953326
579.3749412876771
476.6076191644338
527.0202952101176
521.4557925248727
494.42220050172006
577.7051770898918
583.2620469231489
628.0347880923279
575.6793925233424
600.8653948142673
593.7489830111653
465.34393380485784
524.9949041165486
439.5677196901827
408.60050929279583
455.75646777709574
380.7092017017893
5.602404300911387
501.4398000348697
504.1783011507696
424.87939791046307
444.513046452236
-196.11321965660701
-237.34675678319223
-274.9610886293934
-278.20887674634525
-260.78388202001315
-310.3266344511006
-175.9682584587359
-325.39713387189573
189.86850369432977
145.42563271850634
308.5370687722157
75.36550946625441
538.6869906485773
120.92889331019391
200.26470392071263
110.00865636188153
149.89219749573283
213.05405048191426
61.886668914730464
277.2690815448114
318.8920580381821
409.450919937532
215.31841529340295
336.0608254328204
393.151980527748
38.43369065082907
342.12173684966064
214.54583418991797
404.1424163312483
471.44258463107144
192.96322823649714
471.72243334531873
414.3481689812363
718.0911727630006
168.906317391335
465.71811784968105
1212.1324603312116
1276.2437851978016
1196.4651091013504
1273.9248891081427
1232.6851061180535
43.863663924956114
439.21088044256635
1227.9598455903704
32.13533458967834
31.858599892509282
431.62861027226336
244.34907963051273
213.33493367553535
31.3779977852981
399.05664970651554
15.430629764874954
220.4943101765276
